9947
9948
9949
9950
9952
9954
9958
3574661241173
6223000658260
6223000657355
3574660625790
3574660322613
6223000653845
6223000650172
6223000658277
3574661172408
3574661094014
6223000650677
3574660372526
3574661245348
6223000656723
3574661236834
6223000656976
6223000658741
6223000658383
3574660583342
6223001347200
3574661242200
3574661298924
3574661094113
6223000656983
6223000655764
736658981346
736658986617
736658969573
736658987980
736658987997
736658988208
736658980608
736658979374
736658969900
736658982503
736658982480
736658988222
736658989519
736658982732
736658983104
736658960839
736658960808
736658986631
736658990171
736658980547
8693203019591
3052503715100
3052503757438
3052503705149
3052503260617
3614225153945
6217549147156
6295124006999
8696630133724
8696630133069
8696630127006
8696630126931
8696630126948
8696630126955
6293725015112
3610400034245
3610400034252
3610400034269
3430750041454
3430750005319
6291100171873
6300020152456
6300020152449
6291100176243
6291100173242
3430750042932
6295124021305
6300020152845
6354145841207
6291012876873
5414666015387
5020353054616
5414666017077
5414666017169
5414666014229
6291012874350
5414666017121
5414666017138
6291012876972
5414666017145
5414666000734
5414666004251
5414666017107
6295124023163
6293725014993
6295124027147
6293708000913
3430750036900
6295124027116
6295124027123
8696630133090
6295124024603
6291100174690
6291100172436
3610400001681
6295124020469
6295124023095
5414666015912
6295124023583
6295124023620
6293725012661
6293725012678
6293725001542
6293725012159
6300020150698
6300020150919
6300020152890
6380485748784
6300909685501
6284018454855
3315667585997
6300861086040
6300020151138
6378670671283
6378670670187
6378670670170
6282786660041
6354058445882
6215045847549
6385408545471
6696867600121
6282786660089
6345210254558
3700647000285
6295124021145
6295124027154
6212419472116
6293725013453
6295124021138
6295124021121
6295124021381
6295124008764
6295124023125
3610400002244
6295124004506
6295124022128
6295124003158
6295124006388
6291100171903
6293725015006
663350053173
6295124023736
6295124023729
6295124027130
6295124027109
6295124021152
6300055084586
6334085465404
6295124023118
6295124027079
6295124002410
6295124006371
6300020152906
6378670670033
6378670670040
6378670670057
3610400035426
3610400035440
3610400035457
6291012874091
6300020152807
6300020152814
6300020152821
6012015039030
3308451032456
6300020150711
6330123456779
6323123485023
6330123452900
6380484456987
6304685487786
3354145841026
6398456321027
6217549147149
3430750036429
3430750036405
3430750036436
6294008909494
6294008909517
4008600083825
5028197255237
5028197983208
5028197955052
43917963556
6937620225244
6937620226821
6937620226302
6937620226722
6937620225404
6937620225060
6937620225053
6937620220416
6937620227576
10181066405
10181021022
10181025020
10181023026
10181066801
6291100174829
6291100172573
6291100172597
6291100172559
8850217110151
8850217100343
8850217114425
8850217114319
8850217114326
8850217174009
8850217173002
8850217114180
8850217114173
8850217171114
8859140170300
8859140170201
8859140170171
8850217171008
8859140176005
8850217172005
4003583138777
4003583190256
4003583152971
4003583152780
4003583129041
4003583070688
4003583187584
4003583190355
4003583191413
4003583138753
8414135255655
8414135623256
8414135250650
8414135255716
8414135854179
8414135250643
8414135854193
8414135628169
8414135250612
8710103808954
8710103709046
8710103651666
8710103724155
8710103748694
8710103602033
8710103769361
8690604134205
8690604380008
8690604497690
8690604454877
5901691805484
5901691805491
5901691805521
5901691805620
5901691805644
5901691805651
5901691805453
5901691805514
5901691805613
5901691815339
5903407187570
5903407187594
5903407187600
5903407187587
5903407015446
5903407015545
5903407015897
5903407016184
5903407108100
5903407108803
5903407108810
5903407108827
5903407108841
5903407108865
5901691801134
5901691801141
5901691801172
5903407131115
5901691805460
5903407187501
5903407187518
5903407187563
5903407192208
5903407194004
5903407196060
5903407025889
5903407215204
5903407215624
5903407215709
5903407215723
5903407218038
5903407218809
5901691805835
5903407228037
5903407228044
5901691805859
5903407228051
5903407886886
5903407228099
5903407228105
5903407886893
5903407228174
5903407228181
5903407228211
5901691805897
5903407228334
5903407228358
5903407873916
5903407228532
5903407876436
5903407228563
5901691802612
5903407228570
5903407228587
5901691803015
5901691803213
5903407228600
5901691803411
5903407353005
5903407353302
5903407353319
5903407872490
5903407056029
5903407056043
5903407592121
6281031264171
6281031264614
6281031264737
6281031264676
6281031264553
4015000519977
4015000944052
3838824239620
4015000978897
4015000527200
4015000939980
6281031248805
6281031256435
4015000536769
4015000624206
6281031257241
4015000944090
6221143018521
6281031255421
6281031255612
4015000995139
6281031264768
6221143018545
4015000934732
4015000537766
6281031251904
6281031251874
6281031259511
3838824330433
4015000999281
4015000537780
6281031264645
6281031264409
6281031091227
4015000532846
3838824129242
3061375114010
3600522490432
5010065036352
71662661007
71662027582
71662087098
71662150556
5010065007840
71662083281
5010065074071
5010065082236
71662081652
71662077136
71662127046
8011250758223
74299057854
63562525459
63562581080
63562581073
887961368802
622222074258
8011250811492
63562556637
71662045906
63562616027
63562613828
63562607735
5025123125992
63562582964
63562598309
622222074906
622222074883
63562598323
63562590068
63562547321
63562547338
63562607209
63562603546
63562603539
63562605380
63562605410
63562545037
63562574280
887961178883
622222073015
622222073022
622222073008
71662811204
5010065053106
63562586849
63562586870
63562591393
63562595032
63562587020
622222065379
622222070120
622222070793
746775309893
63562598347
63562590082
622222072568
622222072544
622222074616
622222074302
622222074135
622222072537
622222072551
63562604338
63562604369
63562604376
63562604352
63562579124
63562579117
63562598354
63562587617
63562590099
63562567190
63562567008
63562579292
63562587624
63562590105
63562579285
63562579278
63562598361
816661020567
810118029196
3401399373985
3401344908347
3401574131423
3401353789500
3401346673274
3401381463359
3401578653709
401399459349
401399459369
3401353790049
9874
9877
9878
9879
5281001314906
5281001312711
5281001312728
6281017220092
5281001314869
5281001314937
5281001316887
6773543222928
6773543222959
6773543222911
6773543221464
6773543222973
6773543222980
6773543222263
6773543220429
6773543220412
5010232964518
6295120005330
6295120035399
6295120002063
6295120035382
6223001271468
6295120036310
6223004111082
6224000076788
9960
3282770037340
3282779051361
3282779206297
3282779363211
3282779402705
3282779003124
3282779365529
9856
9857
6221009004057
6221009004064
6221009004026
6221009004033
6221009004422
74451106574
74451101753
74451106611
74451605091
74451109032
74451103160
74451102491
74451101319
74451101692
74451102187
74451102583
8001011030101
8033087293944
8001011069583
6920388606981
6920388612845
5900717141810
3417761126035
3417761463031
3417761080009
3417761415030
50803642037
3417761000038
3417761116036
3417761384039
3417761505038
3417761515037
3417765029035
3417761376034
50803751005
3417761801031
50803705039
3417761810033
3417761834039
3417761989036
3417761234006
8690797108373
8690797108786
8690797108519
8690797108595
8690797107758
8690797108397
8690797109035
8690797108588
8690797111113
8690797111069
8690797108298
8690797108717
8690797108281
6223004790195
6223004790102
6223004790126
6223004791024
6223004791017
6223004790409
6223004790393
6223004790379
6224007576298
6223004791000
6224007576038
6223004791031
6224007576908
6224007576892
6224007576885
6223004790348
6224007576915
3600530521814
3600530559657
6902395313427
3600531401993
3600531401894
6221009001469
25929201727
4007176126509
4007176129210
4007176153291
4007176122242
4007176123218
4007176153284
3600522599210
3600523126293
3600522599418
3504105026516
3504105017200
3504105028398
3504105028183
4897049433069
4897049433090
4897049431492
4897049433359
4897049433205
4897049433366
3760095250441
6224000851156
9909
3282779392570
3282779361286
3282779421577
3282779178686
3282779293495
9918
3282779242080
5903407225074
5903407122038
5901691807419
5903407565149
5903407024134
5903407902098
5011597001016
5903407561561
5903407232690
5903407131191
5903407028125
5903407234663
5903407028101
5903407021188
5903407225661
5903407225425
5903407025100
5903407423012
5903407225623
5903407074023
5903407024226
5903407234670
5903407234618
5903407232669
5903407225692
5903407232638
5903407760025
5903407217215
5903407232713
5903407217208
5903407108773
5903407232621
5903407314068
5903407232720
5903407232652
5903407224350
5903407740171
5903407232560
5903407225814
5903407217192
5903407024325
5903407024172
5903407225180
5903407224107
5903407225807
5903407690032
5903407181172
5903407024042
5903407232577
5903407234601
5903407225654
5903407232683
5903407740164
5903407573007
5903407352084
5903407352169
5903407213002
5903407565101
5903407098081
5903407108223
5903407217222
5903407131184
5903407740119
5903407098098
5903407225166
5903407028095
5903407225685
5903407024097
5903407225630
5903407108780
5903407181158
5903407740157
5903407024103
5011597001634
5901691807426
5901691815209
5903407024196
5903407029290
5903407118109
5903407118208
5903407122069
5903407181165
5903407181189
5903407181257
5903407181264
5903407183169
5903407183176
5903407352077
5903407352176
5903407352183
5903407352190
5903407352206
5903407352213
5903407422015
5903407423029
5903407431062
5903407560076
5903407560106
5903407561059
5903407565125
5903407565132
5903407565828
5903407740195
5903407810027
5903407810034
5903407810041
5903407902081
5903407095813
5903407181271
5903407196084
5903407810010
26169036513
26169034656
26169038524
8690973050724
8690973051059
8690973375384
8690973040343
8690973050595
8690973050731
8690973375315
8690973375407
8690973375247
8690973375339
8690973375476
6281006423442
6281006439252
9911
9914
9915
67238891183
6281006423206
8904206002252
8904206002238
6251004246114
3401381717704
3031500311591
3031500311232
9979
9981
811099002055
811099002598
731509566666
731509568875
731509606577
731509569711
731509568974
731509579437
731509569735
731509606614
731509568929
731509566628
731509566581
731509566604
731509577167
731509642742
731509623048
731509692914
731509575934
731509582628
731509566710
731509692730
4015400641360
8001090154170
8001090285034
8001090285065
8001090285096
8001090297570
8001090474124
4015400636649
8001090153739
8001090153654
8001090559494
8001090559647
4015400622734
8001090698483
8001090698520
8001090791153
8001090267276
3610340006302
3610340006463
3600521767863
3600521767962
3600522247142
3600522386179
3610340019944
3610340020025
3610340020308
3610340017421
3610340028502
3610340028403
3610340041532
3610340041136
3610340029981
3610340030109
3610340040931
3610340456718
3610340456701
3610340079535
3338221000507
3661434001079
3661434002083
3661434006128
3661434004841
3661434001383
3661434002564
3661434001864
3661434001413
3661434004865
3661434004506
3661434004568
3661434002687
3661434006265
3061375781052
3600541042575
3061375781304
3061375781311
3061375781298
3061375781083
3061375781090
3600541125254
3610340012013
3610340025501
3061375781069
3061375781120
3061375781038
3610340025549
3610340025464
3610340038976
3061375781137
6222017025492
3061376204239
9944
9945
3600541731578
3610340023231
3061375781205
3610340080340
3610340011252
3600541295421
3337871323561
3337871325787
3337872419638
3337872412769
3337872410208
3337872414176
3337872414152
3337872414107
3337871325572
3337871319144
3337871329402
3337871323622
3337871330125
3337871320744
3433422404533
3337872413414
3433422408357
3337872411083
3337875491969
3337872414527
3433422407909
3337872412042
3337872412059
3337872412066
3337871308612
3337872412295
3337872412332
3337872412318
3337871324520
3337871323332
3600522584049
3337872412486
3337872418587
3337875491563
3600522446927
3337875491525
3610340552588
3610340552380
3610340552397
3610340456503
3600522892373
3600523201372
3337875489836
3337875537308
6222017029629
6221007025894
6221007025917
6221007026136
6221007026013
6223001388029
6223001385981
6223001389040
6223001388012
6223001380900
18653005358
5019091500929
8595196909876
3323036411938
3323037692077
754604503107
754604755278
754604755353
754604755377
754604755414
754604755391
754604755551
754604503008
754604760296
754604755452
754604760333
754604755155
754604755230
754604755254
754604501158
754604755094
754604502834
754604502841
754604502827
754604503015
754604760258
6223000910795
6223000910801
6223000910856
6224007840252
6224007840269
6224007840276
6224007840290
6224007840337
4103040900210
4103040898449
4103040122452
4103040147738
4103040166333
4103040116215
4103040157089
4103040114587
4103040899101
4103040111180
4103040122452
4103040122452
4103040144959
4103040123206
4103040898425
4103040115201
4103040112439
4103040167972
3610400000660
3610400034474
3610400035020
3610400035617
3610400035648
3610400035686
3610400035723
6224008558293
8699444260471
8699444262444
6224008558286
6224008558279
6224008558262
4710962441839
4710962321087
9313698736214
8717163007037
4523515835333
6294011385001
5410091641955
11111258525
8717644566237
22200000109
8712561181723
8712561897532
8717163607626
8711700782289
8718114594101
79400101655
4523515835327
819933010235
819933010273
819933010662
819933010259
30379708
30377115
30377117
30379706
30377118
30377114
30377112
30379710
30377121
30377113
30377111
30379709
30379707
30377110
4210201167013
4210201141204
8710103543299
8710103498629
75020006554
8710103695646
8710103624257
8710103704300
8710103697374
8710103561491
8710103695639
8710103696575
100302140399
100300080199
100992000099
100971000003
8710103553175
3600521230299
3600521989722
3600521230404
3600521230435
5000174548990
5410076418145
5410076418084
4015600756758
5013965322655
5000174422498
6224007557143
6224007974124
6224007557112
6224007557020
6224007557082
6224007557006
6224007557037
6224007557068
6224007557129
6224007557051
6224007557013
6224007974193
6224007974209
6224007974216
6251001216400
6224007974278
5038483683248
6221048065347
6221048062315
6221048062087
6221048061653
6221048061950
6221048061707
6221048062001
6281006483545
6221048062261
6221048062308
6221048062292
6221155047342
6221048062339
4008496648719
6291069655018
6224000851040
6291069001099
6224000851873
6224000851842
6224007940068
6224000851064
6224000851132
6224000851149
10282
6224000851798
5060040701003
9940
9941
9942
4003583184132
4003583184156
4003583184095
4003583184453
4003583184019
4003583183975
4003583184330
4003583184439
4003583184354
4003583183920
4003583184170
6281056501428
3587925333057
1234567890128
6223002056354
3248140806800
6223002050048
6223004681738
9908
6223004374067
6223004372490
6223004372339
9922
9923
6223001382904
6223004372643
6223001383116
6223001380139
6223001380221
6223004373404
6223001382133
6223001380146
6223001380115
6223001387879
6223001387909
6223001382836
6223001382249
6223001383161
6223004374333
6223004374869
6223004374876
4005808817719
4005900008442
4005808816057
4005808816194
4005808828845
4005900035295
4005808540228
4005808278268
4005808817207
4005808282456
4005808669325
4005808668465
4005808817726
4005808588701
4005900188977
4005808817009
4005808812875
4005900141941
4005900250445
4005900249463
5201410008340
6221048382475
6221155033260
6221155033208
6221048211829
6221155045294
6221155025296
6221155025234
6221155025265
6221155025432
22400264493
4015400993247
4897058392432
4897058397987
4897058397901
4897058396591
5410076965755
5013965582196
5410076965625
6281031262009
5011321257337
6281031261972
6281031262306
9300663258055
5410076651702
5410076652648
5410076652068
6221009001476
3760095251547
6221155036209
6221155015358
6221155015655
6221155024039
717226136689
6221048311239
8710908427411
6281006460249
8058664058570
8058664058594
8058664070466
8058664031801
5060264399888
735282101229
735282114021
735282158636
735282241826
735282271069
735282433023
735282438455
735282441691
735282480027
735282490033
72239300138
72239301104
72239301142
72239302071
72239302095
72239302132
72239302156
72239302170
72239302989
72239303160
72239303177
72239303962
72239304884
72239304891
72239304907
72239305218
72239305225
72239305232
5010622017978
8711600350212
8712561224406
96097335
59910602
96005378
50120772
8717644339428
8712561655729
6223001385493
6223001384762
7896299943936
7896865633308
3607340898907
3607345401119
3607342734425
3607345397542
3607347392385
3607346551035
3607345397597
9921
5055028330047
5055028321892
6224007974681
6294008905724
6294008904185
6294008904420
6294008904291
4015400214496
9870
9892
9893
9894
71662119935
71662224943
9916
9919
9920
9925
9926
6281031264522
9936
9937
9938
9939
9943
6294008909555
9962
6224001031175
9963
6295120025161
5000146980353
8850217001220
6941096013205
6941096033067
8850217003293
8850217002258
8850217001022
8850217001107
8850217001176
8850217001749
6922385515266
8850217001145
8850217001893
8850217001077
8850217003330
8850217001206
6922385515273
6941096011256
8850217001039
6941096012109
6941096013199
8850217001619
6941096012079
8850217001428
6941096013229
8850217001190
6922385515280
6941096013243
6941096015247
6941096013076
8850217002081
8850217001671
6941096034040
8850217001916
8850217001923
8850217001930
8850217001305
6922385513033
6941096013274
6937266906385
6941096013182
8850217001343
8850217001817
6941096013106
8850217001213
6941096013137
6941096013144
6941096013175
3337875549653
3337875546409
3337875549622
663350061703
8003510016907
8003510016891
8003510008469
8003510001200
8003510001217
8003510022274
8003510022526
8003510018475
6224000035846
8003510008476
8003510022267
8412428025060
663350052671
3574660402759
4042288106988
6281031258484
6295124001802
6295124021411
6294008903171
6294008901030
79656000078
6281100875536
6281100870258
6281100870319
6281100870999
5281001311615
6223001343257
6223001343264
6223001343127
6281100877974
6223001341925
6223001341932
6223001341949
6223000400005
10773
10774
6223001349457
6223001349457
6281100870296
6281100870333
6281100879695
6223001344667
6223001344674
6223001344681
6223001344643
6223001344650
6223001344810
5000204928167
5000204928105
6223001346760
6223001348030
8690784816885
8690784816779
8690784816991
6223001343561
6223001347583
6223001343769
8690784817110
679602181013
4250587748659
4250587748673
4250587776003
4251232244519
4251232244557
4251232244588
4250947592793
4250947592816
4251232258622
4251232258639
4251232219890
4251232258660
4251232258554
4251232258585
4251232258592
4251232258608
4251232262735
4251232262759
4251232262780
4251232220445
4251232220483
4251232220520
4250947542422
4250947528358
4250947593202
4251232249910
4251232249965
4251232249972
4251232249989
4251232249996
4251232261882
4251232261899
4250035246980
4250338414734
4250338465781
4251232222265
4250947594308
4250947594315
4250035200593
4250947543160
4251232262254
4251232262230
4250947592588
4250947592625
4250947592601
4250947592618
4250947592465
4250035253377
4250035253384
4250338423828
4250947503386
4251232220100
4251232220124
4250947592298
4250947542071
6251007002694
6251007618109
6251007003745
6251007002687
6251007618000
6251007002748
6930751301818
